1000
691457 50304 149678
627963 323539 76863 
776620 200904 904243 
613992 679555 1904674
142140 828111 972761 
717688 879537 676282 
482302 759871 950826
909521 935887 462742 
874121 515974 752325 
384031 373254 682293
141648 200689 771674 
873486 858654 639440 
203153 959631 1484069
55203 782834 581956 
265486 481290 524640 
930684 694756 1359894
63522 303130 177782 
751478 123668 807868 
304131 472410 1348337
434590 903564 616473 
360328 324506 222026 
882591 871498 1084053
763698 143470 766799 
931522 961790 800483 
752782 914868 1708285
107085 564152 363081 
181839 974639 366364 
28589 541258 567180
190809 796691 768254 
47904 112320 983811 
296323 831189 1470615
665143 265023 273313 
236038 166575 171197 
985294 795390 1259149
774861 837790 792904 
105339 934095 387164 
48058 517315 1163765
353005 249623 663344 
580829 854805 434630 
345459 112325 622891
895217 635096 509368 
111467 123864 392695 
609181 733522 826533
627982 810458 508913 
14007 430218 774874 
749881 776289 638544
449740 672866 631953 
278113 416160 807569 
210091 944865 824238
111939 506063 827535 
672990 466096 859402 
677239 681852 1552430
949856 314431 325642 
12829 315451 149692 
52544 612540 243031
338795 868324 374722 
521374 948239 454264 
16422 760483 745888
525266 156282 72311 
894081 839638 33799 
583105 734114 1158874
445462 684008 247015 
926702 553054 522263 
911037 930187 1008959
378095 133559 827517 
152790 116624 355023 
780975 722256 583962
944377 338562 994536 
193369 661953 417928 
270793 228490 419724
575893 590947 797901 
250912 616964 495869 
599034 236397 1084117
836602 232868 445677 
624275 978304 502799 
615954 698064 165993
718986 815445 324364 
796719 513262 547243 
589187 801386 1168912
854934 677500 59622 
59432 169600 120035 
563085 255386 941581
354614 562688 798868 
248732 609854 51604 
962169 687780 532470
164818 545746 294453 
424585 667646 788218 
469220 857653 1538848
624922 586194 446373 
930148 215088 79930 
387162 497195 1133803
318038 230173 240201 
179959 519 21347 
812030 387638 532866
583614 285785 103616 
535614 922654 720997 
714068 724253 1205075
613412 734325 350614 
329415 225384 240931 
495844 986494 1240232
821315 15217 312873 
563574 274249 550970 
257401 506653 1475143
636332 782658 994718 
316012 761826 560488 
668724 28387 700145
801348 68681 928202 
149451 634099 652068 
800855 335066 1324288
862381 289012 174915 
552525 347654 442026 
44770 178256 1715690
153403 579934 838035 
614987 201864 679434 
69172 167956 940746
354944 911551 43985 
114991 755097 133498 
812066 655201 801828
790835 597495 138666 
193861 14142 271702 
859138 490450 1412479
523261 665216 85598 
768964 31105 184882 
522297 572390 1184387
948559 847743 516605 
939727 701322 115416 
758619 795384 1359781
393499 822719 166669 
975509 30816 846920 
518131 416591 335182
577530 278122 438288 
676737 674926 738303 
249433 390959 560066
212281 415717 216598 
25331 954281 50243 
660256 518282 909649
703199 684093 229494 
346747 745636 332290 
932148 502382 824693
283865 421842 924425 
737528 711126 346971 
165893 47428 1541256
492015 258660 991481 
681953 856770 560321 
158920 539040 892427
737238 449279 750718 
912140 189288 509986 
321954 607467 1111764
393959 305890 530749 
419776 188028 420301 
139414 373806 637096
666333 79436 381309 
232044 746085 796119 
606316 323225 825242
554403 909174 455170 
140471 405634 246407 
711576 19235 1105636
997107 505407 117050 
276043 804586 595488 
624790 690168 1010623
294290 533648 149014 
512779 991691 940195 
59403 832749 988257
520321 243730 383480 
465225 193597 911946 
668070 110546 874308
939090 503263 461397 
639245 633517 334876 
412416 635015 547489
136583 976203 707869 
808390 182573 696370 
451228 336489 1731117
298489 263692 383781 
323727 880307 83992 
502937 306943 827535
764076 373564 478568 
214842 182125 642303 
66376 814475 783788
759467 84709 389912 
746649 363781 709071 
440746 903410 967636
393793 3122 403741 
581083 496201 616488 
557345 32822 1008021
691029 65093 442711 
846912 730730 950859 
465195 580618 1729564
792236 883084 790286 
165406 604540 943705 
205784 133437 1234861
464038 501529 411132 
286384 999123 713642 
19486 714483 572226
58842 717659 505346 
61898 50641 31091 
21247 20376 960384
590526 249597 407999 
566639 286870 168437 
974246 741829 1643324
85169 274888 197472 
356169 882057 673883 
779562 1603 1849086
613127 493664 131019 
384639 806621 629532 
207668 782223 936901
979404 132408 21304 
487596 115016 542619 
100805 742282 929121
917344 715091 984685 
30166 497613 482389 
369949 518271 365160
119214 372491 353650 
35829 501753 117017 
406516 136916 1960622
679878 887273 993707 
110358 921616 483605 
187346 943822 1047737
522644 910213 250151 
765847 661757 707837 
702752 975155 354940
545889 160574 987925 
490304 437320 450608 
315700 817159 1289093
136027 924532 950095 
31847 889370 303313 
28029 477043 758273
310368 414904 288366 
191904 388101 40872 
78551 962664 495644
687233 144106 698041 
297533 938793 346494 
599849 315908 685838
797704 493808 521884 
910994 624456 704308 
29597 930488 697726
701442 329312 552166 
204005 852723 768680 
725423 500873 1164499
829434 66958 290496 
439315 332934 153674 
262782 778346 957330
339178 261798 801786 
720589 723103 857603 
887703 591360 1335906
361100 722586 133595 
441906 956107 877572 
324153 117296 1723152
607793 207837 881668 
873464 228683 211112 
907283 861726 506511
954294 784698 320699 
873986 551902 603815 
860055 261272 324125
692506 87286 718110 
737815 294125 922050 
755694 894829 689045
370489 694894 978987 
661939 592799 263657 
604303 12751 700967
679943 145602 129153 
337898 631081 815765 
61923 928544 863224
635310 884617 741639 
144938 887200 106677 
318146 304848 991672
323974 463050 17269 
787088 881774 212959 
746067 645564 1591501
848104 160684 127588 
855426 476785 875848 
208864 998536 1050344
63121 338860 218302 
703710 326882 519225 
817946 459413 860510
141996 518811 69736 
139163 848997 836659 
424586 144421 1649840
917968 979246 312074 
856188 296408 714436 
3109 411311 499773
779722 500983 155023 
872847 932777 464078 
527551 973702 599897
574391 53182 827723 
207886 558874 34034 
525210 614381 1881692
701818 535291 674856 
236059 176760 398793 
293400 159064 541220
696125 201190 273513 
777226 363802 149822 
536287 976705 1168514
456895 401656 727368 
571448 957115 970142 
459997 770415 603331
597915 651980 433342 
125737 714148 373527 
554371 936829 1687867
198839 705236 980612 
692213 506823 483369 
916199 428101 1346279
269163 167197 426617 
520353 956430 232837 
664317 858301 382292
691750 972094 183996 
630735 918217 674885 
638969 529278 1106274
393669 98141 3299 
728648 90939 525409 
992082 273724 1278226
897480 982642 420141 
120610 343360 878208 
946446 280264 1020614
664406 822914 403448 
542500 785378 970233 
533795 955892 127880
822403 859305 346674 
764441 52606 662407 
407808 457014 1115390
300866 665094 901596 
458485 710825 529549 
732192 724718 1143593
282805 25912 265828 
650780 249795 918410 
942962 545587 1126299
93456 505916 683754 
265828 77984 567163 
512666 956861 1257760
142788 34102 489242 
946588 654714 839643 
139738 425346 1228731
591569 543320 32797 
328288 684146 230232 
834452 231530 833098
156591 132858 60503 
414069 585681 390415 
768059 39856 1314832
583658 204095 497103 
909585 64512 732695 
401013 344122 1221368
427799 382706 413722 
223356 623506 762193 
746257 207383 1454568
666465 79498 348169 
462010 246948 260687 
394908 190971 1040922
193348 797683 7234 
807669 878549 575272 
674941 301882 1255095
269178 390530 388041 
73514 121619 892371 
26507 638467 1234205
292008 248391 825344 
711957 204411 843880 
771165 151788 272786
962011 654560 779681 
849364 913393 936016 
492729 231161 1125414
937058 577519 143481 
422364 756203 644919 
184466 829051 1539060
279548 637054 419506 
772453 527802 815687 
292890 336000 1933417
393575 574865 179507 
278661 634478 914141 
684253 658569 1377860
161654 380624 638187 
864880 613665 322749 
516108 51024 1777357
345080 886492 532159 
595556 131204 268395 
711265 517206 1464249
524644 91759 265387 
293917 425498 24053 
619623 297200 1352484
609057 87510 144136 
821605 612087 20359 
994180 785220 432089
711708 894688 249880 
192928 620622 239259 
798398 537270 1109815
396516 791333 940831 
243039 931445 514581 
121256 868348 476979
239615 165935 556101 
120505 836670 693453 
426373 85550 1050293
743154 150333 676121 
121191 125672 351410 
713632 528185 829904
626105 906057 76732 
745797 458163 435564 
847802 24934 935003
703375 655824 60801 
362041 325331 329498 
746838 413273 857532
544864 948299 533094 
688713 3489 12360 
809488 749428 1045848
609270 60463 222506 
70313 507663 108679 
526017 544312 1026511
482625 972331 779690 
755985 260357 1321 
62449 72009 1156064
724964 450752 817380 
469570 803720 930524 
732701 584075 848142
50321 90762 200088 
414291 110703 595595 
198439 821607 1025509
441861 248536 835076 
482811 995224 968979 
988201 615044 689448
245954 481682 350266 
576427 156001 599347 
5885 508162 1365471
398240 962470 820401 
748771 63690 226845 
95227 424363 605064
623123 665973 535855 
220664 243324 889370 
391134 691081 939451
382436 114886 215379 
782589 339022 884196 
2305 420839 1031367
579729 863736 143343 
498021 613117 20610 
50622 76809 769929
804357 385986 414167 
240509 674936 885657 
309164 437183 938430
823968 384877 344364 
188118 381368 369698 
659326 641934 295534
779826 736549 814924 
150272 157096 144912 
602184 434346 1329565
936846 948036 9185 
838154 379137 620260 
283090 450149 1506620
573409 934574 403758 
195529 967451 239406 
414447 76387 827502
449919 459040 664053 
388162 405757 270753 
555216 959364 568551
266642 596638 54554 
403208 948205 924459 
882644 863208 907630
56382 729349 696028 
788176 339184 591672 
873889 720425 777411
295306 97189 317926 
817799 444324 334492 
443690 778034 1593299
781771 753189 105876 
125517 858771 961093 
393292 179748 1240623
896110 249224 897390 
497201 854515 761433 
560073 891957 1406369
36636 193791 612118 
467460 298437 484089 
758669 229055 1576794
726322 992389 433281 
449657 155226 724866 
312025 190944 749854
739750 529045 53010 
528255 256726 539104 
473902 55739 1391377
497171 959970 812280 
539083 696230 975960 
611931 281626 854307
449399 53715 244016 
801776 371684 867178 
53484 814414 385122
451893 280031 260862 
279975 548478 348090 
302497 487447 1334148
820172 675349 198725 
225240 314088 602855 
407876 571742 776070
283523 871892 28156 
986952 599805 968271 
145763 598575 474891
137640 397264 160386 
454006 376843 483940 
421088 153604 1278231
413462 408642 197102 
490959 128247 615387 
541445 225489 1087096
400004 1475 994705 
517136 668131 105293 
496200 484732 838969
946290 780103 847062 
379906 327238 851032 
193733 793652 1205495
450021 139259 904635 
387984 974321 158106 
331888 918604 225081
309386 137113 972360 
556405 153911 850427 
482415 885827 1062616
550299 283822 559474 
781339 419589 239824 
186746 717782 1481655
479426 387466 982263 
780825 419054 741879 
124111 420126 636631
471954 522569 42386 
23313 355946 167634 
945855 547990 899030
116564 427475 377596 
974624 14548 597213 
384007 932024 1185750
400287 786689 137201 
875110 922614 351363 
938492 191688 1760648
526902 736459 622771 
824712 737236 257694 
488289 326742 428525
608389 295814 258670 
929830 343019 748957 
152090 61085 1237642
618848 737855 907155 
889483 121289 547903 
265080 104060 453285
163632 695650 130564 
670843 405471 264371 
720533 135366 1008641
486506 765914 596167 
427260 340808 833099 
406519 546440 1175019
482071 765351 439983 
715566 646507 394167 
979817 919450 400138
384172 961187 234025 
388950 202878 720519 
676363 30786 834886
914811 370559 585229 
563445 311238 509748 
793495 157031 1700470
300817 649516 252167 
356162 819156 62581 
700876 973280 1373153
371226 631565 40188 
406474 574080 710681 
608738 183298 840623
681807 852087 223991 
618150 477663 192229 
61456 510047 1322754
746357 81728 171131 
839388 470412 284647 
914701 525162 447006
949424 978706 888030 
90999 549248 891260 
925429 669148 1137288
476012 56130 762355 
261352 135742 67690 
749724 881531 953053
339186 115163 683032 
46822 266512 105470 
307505 636270 769730
663934 686183 598517 
911164 173212 684019 
474971 574915 1332218
143340 711645 562827 
748558 348863 201263 
985020 412615 1343071
470497 856060 525726 
198591 358618 910886 
853745 355739 772803
579889 504829 360916 
310970 122024 681327 
942871 162142 496227
329245 416150 495715 
434338 900182 61696 
123386 240094 1399554
46621 999514 19386 
260223 524128 929810 
947902 69041 1009661
515088 943337 95780 
321951 882109 283094 
760327 288324 457411
115612 294883 757310 
127657 345405 55725 
668134 149464 1709670
937010 55358 851780 
218679 677637 18566 
507628 705946 1415945
314637 182748 588522 
357805 679642 119147 
265746 769953 1264869
207175 814487 439539 
10545 527194 746445 
779167 889731 939525
727056 421819 894169 
936900 453232 585687 
188244 270372 1249790
339351 600439 168826 
5704 465905 778099 
228207 124652 396400
507184 641714 518900 
285112 946679 533192 
848776 269895 1819894
765307 633018 139455 
496885 462401 605056 
59864 964631 1085999
867281 80833 916647 
678572 955602 936540 
105608 964849 1130273
441478 224788 199732 
64465 713886 614924 
391982 590578 946388
295103 112750 902322 
549872 534325 630137 
985279 799810 355983
592691 319822 770013 
884243 888588 693558 
5569 74962 1250846
449146 309010 511690 
498923 477748 76676 
868038 3029 1223356
728333 593358 65284 
186705 628693 251497 
726972 66255 1295349
102183 984275 283202 
876813 510212 261598 
144094 170365 1399220
610664 699193 186766 
519600 551253 858648 
460222 814838 710869
794588 424379 866456 
688890 577692 683540 
849249 368005 334431
110462 669246 979103 
539197 654661 171424 
130608 94420 480850
181442 521168 347182 
199525 491325 53884 
557539 972008 1031024
246824 719586 46767 
141704 121323 268695 
546291 212581 1132796
218484 455948 847545 
966403 493358 488965 
41062 650049 897309
504615 903839 135747 
228816 681314 942275 
127402 613261 1570412
849932 992446 465612 
957403 638835 826561 
732485 399125 1923714
59388 797062 121551 
137150 821637 434105 
243179 644401 1134082
561916 164229 685083 
198392 984972 57008 
56701 156818 773010
650131 463306 319887 
52696 682034 643275 
100739 977344 1019130
279499 440433 628276 
5644 663892 879091 
792436 544879 515959
363598 122183 648522 
930455 239951 240135 
292845 603164 1834410
746 182342 523974 
303895 428561 435203 
677510 317135 1343585
488415 153812 545487 
811195 909401 704032 
740699 339464 1644630
543621 990462 963963 
570721 648149 875203 
755006 114254 1080410
903321 875084 172694 
81189 62750 626312 
954902 54395 302570
781569 896603 632540 
998025 791462 395129 
497028 568609 692519
914874 559723 606887 
335397 353824 105470 
430600 945034 1058020
767514 637672 352782 
125558 486212 105680 
986415 219219 1231856
346083 536175 44905 
814891 171793 255966 
49484 542019 1051017
451058 604178 418457 
840423 757504 97884 
762122 767293 1056706
461483 281138 145733 
916834 678440 398566 
857983 81628 1271912
668058 120841 289256 
232461 893737 327275 
387185 171643 357558
169908 477397 493955 
110743 939507 438439 
219062 680871 1266136
635115 26553 431270 
302381 290010 639841 
993372 823544 992326
504991 825141 489242 
736659 916546 747351 
630971 500679 882792
621775 320822 191181 
939320 463094 337937 
493467 384910 1565191
13138 776994 687013 
909643 868169 947134 
950759 67161 1215368
45124 326592 288825 
758464 218889 700941 
436129 792868 915492
650106 661203 497682 
902898 67435 858588 
518695 934894 1855531
799345 983289 398657 
13508 63288 859730 
252516 542858 1324270
930148 650909 562837 
770706 887241 240799 
575951 124320 1558999
851183 810527 788551 
25602 888686 994742 
458182 137136 393882
544339 984952 906077 
608234 450016 524337 
786597 737554 668751
418781 101481 154762 
926466 755879 137315 
999281 628386 1053379
584264 878921 841501 
703684 75029 272067 
815849 740660 1382516
821342 352028 366990 
846309 763295 19700 
963359 684517 1168188
640170 648997 998254 
309933 233260 847428 
152523 499955 516079
425296 554449 365045 
959291 612049 112850 
121144 377206 1437266
393245 463804 90566 
217338 902845 548718 
149302 204758 685205
343742 823099 973626 
685990 153082 525188 
249899 519680 994977
6199 850974 770667 
829289 115553 94425 
557280 672072 1074611
200441 870203 902918 
22822 681592 596940 
347041 941449 871781
135472 971458 676039 
616074 282846 640540 
671264 101953 836832
145474 558449 636320 
560237 816282 906405 
294288 353877 492825
436757 75910 820832 
234861 173894 978587 
952820 991602 666687
761442 696917 370421 
362716 994713 515348 
396778 635152 1041049
815774 370262 943366 
255916 276361 380906 
807440 302979 947359
526430 145216 102755 
280880 309427 978422 
818961 284373 1137758
857529 289738 385563 
635551 864621 965068 
238065 911719 631678
366482 265940 100119 
916069 341862 457910 
894830 810361 691369
211059 361172 812270 
695965 115825 27357 
814562 892289 1466212
192957 23747 70166 
989872 324921 31739 
230967 612945 902350
687246 87239 171201 
863605 535644 50225 
565854 448815 1385830
337180 454320 388921 
768546 738552 875133 
795844 177923 951633
599006 578882 790452 
529194 387123 985954 
261535 33960 564520
481995 837279 364741 
657984 759199 961182 
228743 438973 1691741
199457 843454 107481 
446631 856386 422325 
525692 281989 1650817
784765 706075 647422 
919277 558540 692051 
401261 861233 1224798
76771 559411 869614 
271285 100774 818257 
797345 559687 598296
429122 449989 143115 
624394 723989 254653 
284006 720649 937745
548187 111604 719924 
498418 710666 687540 
595715 231786 1041510
94865 34973 867325 
781043 810580 499361 
429720 547152 1340650
8705 506011 877915 
750232 732921 147922 
256022 201383 950759
720348 2426 113334 
64062 234180 838354 
871639 827478 667462
695459 679399 788513 
236924 894394 478469 
408575 364275 1083630
132378 839999 537864 
482442 777359 238874 
897566 941274 1306249
291105 840705 917533 
605577 34359 660477 
73455 871017 1477074
897898 478278 980138 
760599 238831 952681 
745515 123617 1274243
267377 239910 654349 
73825 922996 502313 
877029 355238 1190817
683377 822024 424662 
585477 941612 589845 
907057 475248 1100764
848673 38123 170387 
981533 84844 648237 
702435 268402 1054154
39271 549407 755891 
733482 293557 740355 
754457 499626 745922
292577 833832 137531 
444142 231317 791135 
654127 786450 1103914
583182 275519 160232 
907308 814981 286896 
108603 54932 1071662
609745 300316 690021 
652275 706813 444816 
908191 15188 1212606
464298 656053 304597 
493730 676920 595483 
798800 687710 868289
4723 390679 968547 
395315 566761 248667 
681735 946108 746783
630155 901611 411121 
71294 256947 830513 
556003 976061 318816
889421 379206 17333 
695357 243990 863718 
921769 856893 815618
359127 558782 419727 
488346 121717 960842 
99530 788796 699537
21496 324532 834287 
815765 844472 766028 
644061 16350 521032
331122 699164 153312 
756595 432667 190438 
53823 822572 1018836
398896 229868 214813 
227182 52233 413624 
632293 419565 1627177
859482 452678 65343 
235470 562504 510644 
227614 582799 835735
827489 181004 246816 
76502 703286 110222 
177811 102903 342163
143706 335057 922943 
353152 73173 689932 
817294 91749 372779
886200 171982 341977 
572133 36187 314984 
850653 211685 1372663
38749 659425 864991 
456260 484226 661050 
562912 97940 1654296
814289 694565 728223 
113815 368009 838588 
381782 226659 1317298
155066 965441 594159 
442653 333477 718134 
552689 749779 836701
990945 742167 758455 
112279 421976 755599 
143331 656875 1086695
649545 977320 208203 
424395 803098 271385 
24288 16476 1047187
167031 312853 287483 
507207 520440 404298 
696949 695980 1086958
287302 750251 518962 
749912 266521 467985 
274744 978202 1144533
160596 823570 967532 
585292 929849 197199 
729505 153483 1045952
993846 85511 219340 
871325 649457 123728 
291271 177777 1193790
377349 47684 848008 
18420 897902 547781 
477613 261662 977670
143009 558370 827345 
554984 190046 303066 
514023 568333 1583313
74349 126308 684625 
675377 314942 40269 
959596 938579 1070641
286484 458975 200048 
473410 322136 373336 
967904 94314 1370376
766313 304631 17104 
601114 305303 809686 
771661 817517 1192191
227918 644998 277443 
838338 958044 942544 
113758 780158 781100
524457 742651 864159 
443449 994791 222077 
929062 490151 70717
159119 317619 367406 
315974 286921 935087 
30340 128684 620605
432180 289020 43559 
84989 407304 752995 
824388 823679 1676027
687936 555801 816806 
608891 998955 362534 
824308 949509 577904
645503 43363 448258 
378861 20037 959326 
200936 444359 671926
276950 934152 755076 
878517 814198 155784 
262618 972858 1920159
901637 100194 899306 
606885 823155 190848 
664480 321249 788706
928511 306306 632291 
651975 847813 721740 
826251 156318 560794
867359 524829 941887 
583429 783850 738429 
128714 712138 835644
401654 350381 776769 
397314 412951 720751 
230711 536062 730724
617278 741443 833209 
310176 308177 582815 
869403 92321 925473
896317 216167 274163 
344926 534084 40534 
219997 160665 365222
533925 272326 414748 
215232 674757 593135 
853663 493536 1716010
703631 242644 641924 
51182 861541 264135 
988237 287018 1558436
977623 386044 908542 
745009 939477 858558 
814802 888750 718577
232736 320658 437903 
996456 122889 863931 
969559 724975 1484541
9523 144529 434575 
194485 34717 504481 
317333 620925 1370390
406580 355796 207116 
487913 711155 570832 
119789 206408 875315
657168 825562 281505 
154616 636609 262217 
58337 622889 1252488
